# oST version 5.0 parameters


[image]

width
640

height
480

[narrow_stereo]

camera matrix
646.015787 0.000000 317.815462
0.000000 645.880603 235.910384
0.000000 0.000000 1.000000

distortion
0.043176 -0.129427 0.000823 0.002253 0.000000

rectification
1.000000 0.000000 0.000000
0.000000 1.000000 0.000000
0.000000 0.000000 1.000000

projection
647.864868 0.000000 318.869696 0.000000
0.000000 648.862000 236.152908 0.000000
0.000000 0.000000 1.000000 0.000000

