image_width: 1920
image_height: 1080
camera_name: narrow_stereo
camera_matrix:
  rows: 3
  cols: 3
  data: [1675.257065, 0.000000, 940.625752, 0.000000, 1684.738429, 571.906581, 0.000000, 0.000000, 1.000000]
distortion_model: plumb_bob
distortion_coefficients:
  rows: 1
  cols: 5
  data: [0.102056, -0.177921, 0.003696, 0.000301, 0.000000]
rectification_matrix:
  rows: 3
  cols: 3
  data: [1.000000, 0.000000, 0.000000, 0.000000, 1.000000, 0.000000, 0.000000, 0.000000, 1.000000]
projection_matrix:
  rows: 3
  cols: 4
  data: [1700.724731, 0.000000, 940.877223, 0.000000, 0.000000, 1708.994141, 574.947040, 0.000000, 0.000000, 0.000000, 1.000000, 0.000000]
