# oST version 5.0 parameters


[image]

width
640

height
480

[narrow_stereo]

camera matrix
665.224187 0.000000 316.412849
0.000000 663.488437 242.061108
0.000000 0.000000 1.000000

distortion
0.057480 -0.189685 0.001324 -0.000150 0.000000

rectification
1.000000 0.000000 0.000000
0.000000 1.000000 0.000000
0.000000 0.000000 1.000000

projection
667.337097 0.000000 316.290084 0.000000
0.000000 666.384094 242.417101 0.000000
0.000000 0.000000 1.000000 0.000000

