image_width: 1920
image_height: 1080
camera_name: narrow_stereo
camera_matrix:
  rows: 3
  cols: 3
  data: [1428.818757, 0.000000, 935.630559, 0.000000, 1428.888916, 556.330256, 0.000000, 0.000000, 1.000000]
distortion_model: plumb_bob
distortion_coefficients:
  rows: 1
  cols: 5
  data: [0.039081, -0.105268, 0.000670, 0.003470, 0.000000]
rectification_matrix:
  rows: 3
  cols: 3
  data: [1.000000, 0.000000, 0.000000, 0.000000, 1.000000, 0.000000, 0.000000, 0.000000, 1.000000]
projection_matrix:
  rows: 3
  cols: 4
  data: [1423.362183, 0.000000, 941.432816, 0.000000, 0.000000, 1436.531860, 556.932045, 0.000000, 0.000000, 0.000000, 1.000000, 0.000000]
