image_width: 1920
image_height: 1080
camera_name: narrow_stereo
camera_matrix:
  rows: 3
  cols: 3
  data: [1669.928163, 0.000000, 959.752904, 0.000000, 1668.895732, 580.097554, 0.000000, 0.000000, 1.000000]
distortion_model: plumb_bob
distortion_coefficients:
  rows: 1
  cols: 5
  data: [0.097767, -0.173969, 0.002580, -0.002250, 0.000000]
rectification_matrix:
  rows: 3
  cols: 3
  data: [1.000000, 0.000000, 0.000000, 0.000000, 1.000000, 0.000000, 0.000000, 0.000000, 1.000000]
projection_matrix:
  rows: 3
  cols: 4
  data: [1692.968506, 0.000000, 956.008026, 0.000000, 0.000000, 1694.272705, 582.175690, 0.000000, 0.000000, 0.000000, 1.000000, 0.000000]
