image_width: 640
image_height: 480
camera_name: narrow_stereo
camera_matrix:
  rows: 3
  cols: 3
  data: [646.015787, 0.000000, 317.815462, 0.000000, 645.880603, 235.910384, 0.000000, 0.000000, 1.000000]
distortion_model: plumb_bob
distortion_coefficients:
  rows: 1
  cols: 5
  data: [0.043176, -0.129427, 0.000823, 0.002253, 0.000000]
rectification_matrix:
  rows: 3
  cols: 3
  data: [1.000000, 0.000000, 0.000000, 0.000000, 1.000000, 0.000000, 0.000000, 0.000000, 1.000000]
projection_matrix:
  rows: 3
  cols: 4
  data: [647.864868, 0.000000, 318.869696, 0.000000, 0.000000, 648.862000, 236.152908, 0.000000, 0.000000, 0.000000, 1.000000, 0.000000]
