image_width: 640
image_height: 480
camera_name: narrow_stereo
camera_matrix:
  rows: 3
  cols: 3
  data: [665.224187, 0.000000, 316.412849, 0.000000, 663.488437, 242.061108, 0.000000, 0.000000, 1.000000]
distortion_model: plumb_bob
distortion_coefficients:
  rows: 1
  cols: 5
  data: [0.057480, -0.189685, 0.001324, -0.000150, 0.000000]
rectification_matrix:
  rows: 3
  cols: 3
  data: [1.000000, 0.000000, 0.000000, 0.000000, 1.000000, 0.000000, 0.000000, 0.000000, 1.000000]
projection_matrix:
  rows: 3
  cols: 4
  data: [667.337097, 0.000000, 316.290084, 0.000000, 0.000000, 666.384094, 242.417101, 0.000000, 0.000000, 0.000000, 1.000000, 0.000000]
