# oST version 5.0 parameters


[image]

width
1920

height
1080

[narrow_stereo]

camera matrix
1428.818757 0.000000 935.630559
0.000000 1428.888916 556.330256
0.000000 0.000000 1.000000

distortion
0.039081 -0.105268 0.000670 0.003470 0.000000

rectification
1.000000 0.000000 0.000000
0.000000 1.000000 0.000000
0.000000 0.000000 1.000000

projection
1423.362183 0.000000 941.432816 0.000000
0.000000 1436.531860 556.932045 0.000000
0.000000 0.000000 1.000000 0.000000

